$ANSIBLE_VAULT;1.1;AES256
33666265333834393663313036623934623365626435303463336637653334623230323663376366
3961633132623334366162383665323764366466333435360a633962396539313337343435393266
35626330643731373637326139396462336334323064373931323735646232663862356565353539
3136313935356261360a383262363664383438336639326566373038376339336165666636353064
35646566653538656161626666333530656634633439363937376431626435626434666437653738
61303961396135343365663533346639616238316161383235353936663134626461613838636365
65386133343437346234626233366231393736323963303534333630353637643064613566303062
66633536366261643231383332666130343066386661323334356634633538313266323739383534
65623737636662623863663130303838616336366135623266656565303730333738666564343736
30393263353632313931333065646661313363623463346462666164323266393363303065353530
35626337626437643438323962663432343039663736333461396661313839623365346332323435
30323139353264626566653061636338333835393339653037613963333639333865343939323935
32353364326264323766633237613536373266633063636634376434343061326335343539363536
36343038383765626463386332643132663936333765373566633332353536303134383264313066
38363030633834343032316139336438366166306635343964386134373762306163356336336437
33636539653532386535353734383462666563326262613363366230336538373332383562656531
30353265346262376366613533626661316330396237633763363865333564366233323132663837
30623336356261633834393334623365663038663937666638323962356532366563373263326435
62663966663632633738303236633032626239346639653634653938353436306262336461333636
33333834356366653038613862613363336164386439626465393866376138646435393939616533
61633739383363316434383933623161323834326437323866336364376336386535343830646331
32396364306134346538373637326534616664333937643336386533336439303730343736353064
39323738316165326436353063353466313562656161653631663761346361393635633432646333
61663135396631393237323666346161343839653561333436323039386661313536333466643237
38363838363130303830666363646636306566303331346630303831666430363532363130396565
36386230323863646439663334323136326138613730313139326532613932343863373539336330
62386332313834343933393163356331643530613433623065316533346537353137633134663338
34323137383932656333303639636233356631373731396162366333356239663937303137396161
63323362346536643333393539323437643437656633386537323532643534643730623438373563
39363631656631663761343739613239623834303936623666653662623033323865333633396539
65663130666630376462376264623531376638636563373437373865303438366638646661343130
62626161633735666366353763623735623838343962353730363062613133323533336135643633
64616361353936326138376432353036643737623036313339393233663236653066346535363036
66386138313163363663643264356364356563626261363034326561366437636466313231626532
31396236663161343636383431646236383138613238613138613166333831386532343839383838
37353037656165343333623332366433623963393062643665323631373066656164336437613466
30313633646363353563633365353731346664333134663435366365656166663230313463393061
64313661636165623232393435306532313966653233636165323466336635393136333135366264
37383139346632383830643330626330393938303363376636633033626230316538333231656535
65623139343235353536666362656430663264353865373534393735613437316238343439373936
66386437333238306162356463643339323739643434643936663536653163333530363461306365
37633933386662646661306562613835366332316135643231616631646334363333633663376661
37393165303065306233626632393738373033316634643432336665656264363238393332313461
65346335623163383538303839623438333764353836353561333839373939386135303264666633
30323631393737666534626134333364376532323039613361363530323831323539646231616264
35336137333630623634336135343334643230343930646363653631626633383462623633323766
64386630663364633161393035613435383766653865356235343166356536663939333236333661
37333761396164653235383461623530303864353766356261643564303935623935663932656339
65613861313538643665303135343130623161346461346237353937616264616430376130323138
35363265653034393233633839366638383837336333623365383539303638393163383366333339
66666264626365663964336431663739346538383933393534353730653639393239393737616436
39323236313363323464356566616161616431633261396165333032343233323463346663343865
35353564383163396432646261313932623030643363383837353636306538373737616362353764
38363032643533386363663235653535666562646439343066326633366131643935396539336164
31323931373134666565626662303132383665346663336565613533343938313465646232333538
39666332343836636532396137363934663030613838343065346338363236613030656662383936
61383733653838316230613530643132323836393263343230666166633564656531393139633538
61633665613534306633613238656163316330383031343730326330333737623031636163393739
34636561336635343062643461646135363662646635623765316233636161363630656433643137
33313738633966616462623664356330633266393135623831663938623336306566633062376635
35643166653762326537386330383032336139303630333238343038626335646163363564626463
61643939613466346639653835316461376435306535396635393064653364666165666234613035
61323962336331396362636338663863353464313333303636623066303533306136643465383633
66646637306466373763396438306437316366303238353730326437326161633866333538656665
30616161346563653564353138663166383664343962633731386239316563313063333435366538
36616233373734653861306336643061656539383662356530666330393031343237393165323134
30313337643631353937333862343866623565646162363965323934646262613335323134383761
35363039316431323834383365333736643064356437656466316461393236353735643937373961
37373531613331643437333830373530386231316462653030626436383733636364353662326163
64663232386466343034363761353237353866656432323539623063363866613435303138346164
65383461633333306464623036333437313266373065653065663061623533353264373136313337
61383961643634656330366564346439393834376565333837383561633634653631346665376462
35396165383338383137656339636561336235316233333261376530363362333434356332303838
62633961663732616166306339646439636237366665336330363538366465343839656335616562
35653334353938613537633636363239366230656466663035363432303932323835623033646435
39353938373138366365626566666466636566313665376137353237373939323361373337633662
61666664646663306239626661653230356466356332613166303864363465303464643861373661
32336464353731373435623136366561623661643436356633366466616138333537653435373635
30363763386139613536626363383463363634356130366135643936323164666633383462313364
66396535363761316265663266386434636236396532386463666466326432306661343461346237
38633039333233643732333930386332376535363363393663343437636633616135633130336661
35626461613839393132393333343232306563363262383863353036333863666364656666363338
32643831346635303038666133366166323461376532646131316330383662666436616233326137
64653635656531313235636537373161653438393834333538383638633139663561366239633535
35643437373265383465613538613561326461616635366530336537633836643830663032303231
35623463633233363336616565326430333363343331663538663937386432333237373132316631
65376136623430336634343432353961306438333030613261323432373338656232643434346263
33323734346266386162
